34213421342134213
42134213421342134
21342134213421342
13421342134213421
34213421342134213
42134213421342134
21342134213421342
13421342134213421
34213421342134213
42134213421342134

12345678912345678
98765432198765432
12345678912345678
98765432198765432
12345678912345678
98765432198765432
12345678912345678
98765432198765432
12345678912345678
98765432198765432

51415141514151415
15141514151415141
41514151415141514
14151415141514151
51415141514151415
15141514151415141
41514151415141514
14151415141514151
51415141514151415
15141514151415141

23232323232323232
32323232323232323
23232323232323232
32323232323232323
23232323232323232
32323232323232323
23232323232323232
32323232323232323
23232323232323232
32323232323232323

19191919191919191
91919191919191919
19191919191919191
91919191919191919
19191919191919191
91919191919191919
19191919191919191
91919191919191919
19191919191919191
91919191919191919
